{
  "metadata": {
    "anaconda-cloud": {},
    "kernelspec": {
      "name": "python",
      "display_name": "Pyolite",
      "language": "python"
    },
    "language_info": {
      "codemirror_mode": {
        "name": "python",
        "version": 3
      },
      "file_extension": ".py",
      "mimetype": "text/x-python",
      "name": "python",
      "nbconvert_exporter": "python",
      "pygments_lexer": "ipython3",
      "version": "3.8"
    }
  },
  "nbformat_minor": 4,
  "nbformat": 4,
  "cells": [
    {
      "cell_type": "markdown",
      "source": "<center>\n    <img src=\"https://cf-courses-data.s3.us.cloud-object-storage.appdomain.cloud/IBMDeveloperSkillsNetwork-DA0101EN-SkillsNetwork/labs/Module%203/images/IDSNlogo.png\" width=\"300\" alt=\"cognitiveclass.ai logo\"  />\n</center>\n\n# Data Analysis with Python\n\nEstimated time needed: **30** minutes\n\n## Objectives\n\nAfter completing this lab you will be able to:\n\n*   Explore features or charecteristics to predict price of car\n",
      "metadata": {}
    },
    {
      "cell_type": "markdown",
      "source": "<h2>Table of Contents</h2>\n\n<div class=\"alert alert-block alert-info\" style=\"margin-top: 20px\">\n<ol>\n    <li><a href=\"https://#import_data\">Import Data from Module</a></li>\n    <li><a href=\"https://#pattern_visualization\">Analyzing Individual Feature Patterns using Visualization</a></li>\n    <li><a href=\"https://#discriptive_statistics\">Descriptive Statistical Analysis</a></li>\n    <li><a href=\"https://#basic_grouping\">Basics of Grouping</a></li>\n    <li><a href=\"https://#correlation_causation\">Correlation and Causation</a></li>\n    <li><a href=\"https://#anova\">ANOVA</a></li>\n</ol>\n\n</div>\n\n<hr>\n",
      "metadata": {}
    },
    {
      "cell_type": "markdown",
      "source": "<h3>What are the main characteristics that have the most impact on the car price?</h3>\n",
      "metadata": {}
    },
    {
      "cell_type": "markdown",
      "source": "<h2 id=\"import_data\">1. Import Data from Module 2</h2>\n",
      "metadata": {}
    },
    {
      "cell_type": "markdown",
      "source": "<h4>Setup</h4>\n",
      "metadata": {}
    },
    {
      "cell_type": "markdown",
      "source": "you are running the lab in your  browser, so we will install the libraries using `piplite`\n",
      "metadata": {}
    },
    {
      "cell_type": "code",
      "source": "#you are running the lab in your  browser, so we will install the libraries using ``piplite``\nimport piplite\nawait piplite.install(['pandas'])\nawait piplite.install(['matplotlib'])\nawait piplite.install(['scipy'])\nawait piplite.install(['seaborn'])\n",
      "metadata": {
        "trusted": true
      },
      "execution_count": 44,
      "outputs": []
    },
    {
      "cell_type": "markdown",
      "source": "Import libraries:\n",
      "metadata": {}
    },
    {
      "cell_type": "markdown",
      "source": "If you run the lab locally using Anaconda, you can load the correct library and versions by uncommenting the following:\n",
      "metadata": {}
    },
    {
      "cell_type": "code",
      "source": "#If you run the lab locally using Anaconda, you can load the correct library and versions by uncommenting the following:\n#install specific version of libraries used in lab\n#! mamba install pandas==1.3.3\n#! mamba install numpy=1.21.2\n#! mamba install scipy=1.7.1-y\n#!  mamba install seaborn=0.9.0-y",
      "metadata": {
        "trusted": true
      },
      "execution_count": 45,
      "outputs": []
    },
    {
      "cell_type": "code",
      "source": "import pandas as pd\nimport numpy as np",
      "metadata": {
        "trusted": true
      },
      "execution_count": 46,
      "outputs": []
    },
    {
      "cell_type": "markdown",
      "source": "This function will download the dataset into your browser\n",
      "metadata": {}
    },
    {
      "cell_type": "code",
      "source": "#This function will download the dataset into your browser \n\nfrom pyodide.http import pyfetch\n\nasync def download(url, filename):\n    response = await pyfetch(url)\n    if response.status == 200:\n        with open(filename, \"wb\") as f:\n            f.write(await response.bytes())\n",
      "metadata": {
        "trusted": true
      },
      "execution_count": 47,
      "outputs": []
    },
    {
      "cell_type": "markdown",
      "source": "Load the data and store it in dataframe `df`:\n",
      "metadata": {}
    },
    {
      "cell_type": "markdown",
      "source": "This dataset was hosted on IBM Cloud object. Click <a href=\"https://cocl.us/DA101EN_object_storage?utm_medium=Exinfluencer&utm_source=Exinfluencer&utm_content=000026UJ&utm_term=10006555&utm_id=NA-SkillsNetwork-Channel-SkillsNetworkCoursesIBMDeveloperSkillsNetworkDA0101ENSkillsNetwork20235326-2021-01-01\">HERE</a> for free storage.\n",
      "metadata": {}
    },
    {
      "cell_type": "code",
      "source": "path='https://cf-courses-data.s3.us.cloud-object-storage.appdomain.cloud/IBMDeveloperSkillsNetwork-DA0101EN-SkillsNetwork/labs/Data%20files/automobileEDA.csv'",
      "metadata": {
        "trusted": true
      },
      "execution_count": 48,
      "outputs": []
    },
    {
      "cell_type": "markdown",
      "source": "you will need to download the dataset; if you are running locally, please comment out the following\n",
      "metadata": {}
    },
    {
      "cell_type": "markdown",
      "source": "\\#you will need to download the dataset; if you are running locally, please comment out the following\nawait download(path, \"auto.csv\")\npath=\"auto.csv\"\n",
      "metadata": {}
    },
    {
      "cell_type": "code",
      "source": "await download(path, \"auto.csv\")\nfilename=\"auto.csv\"",
      "metadata": {
        "trusted": true
      },
      "execution_count": 49,
      "outputs": []
    },
    {
      "cell_type": "code",
      "source": "\ndf = pd.read_csv(filename)\ndf.head()",
      "metadata": {
        "trusted": true
      },
      "execution_count": 50,
      "outputs": [
        {
          "execution_count": 50,
          "output_type": "execute_result",
          "data": {
            "text/plain": "   symboling  normalized-losses         make aspiration num-of-doors  \\\n0          3                122  alfa-romero        std          two   \n1          3                122  alfa-romero        std          two   \n2          1                122  alfa-romero        std          two   \n3          2                164         audi        std         four   \n4          2                164         audi        std         four   \n\n    body-style drive-wheels engine-location  wheel-base    length  ...  \\\n0  convertible          rwd           front        88.6  0.811148  ...   \n1  convertible          rwd           front        88.6  0.811148  ...   \n2    hatchback          rwd           front        94.5  0.822681  ...   \n3        sedan          fwd           front        99.8  0.848630  ...   \n4        sedan          4wd           front        99.4  0.848630  ...   \n\n   compression-ratio  horsepower  peak-rpm city-mpg highway-mpg    price  \\\n0                9.0       111.0    5000.0       21          27  13495.0   \n1                9.0       111.0    5000.0       21          27  16500.0   \n2                9.0       154.0    5000.0       19          26  16500.0   \n3               10.0       102.0    5500.0       24          30  13950.0   \n4                8.0       115.0    5500.0       18          22  17450.0   \n\n  city-L/100km  horsepower-binned  diesel  gas  \n0    11.190476             Medium       0    1  \n1    11.190476             Medium       0    1  \n2    12.368421             Medium       0    1  \n3     9.791667             Medium       0    1  \n4    13.055556             Medium       0    1  \n\n[5 rows x 29 columns]",
            "text/html": "<div>\n<style scoped>\n    .dataframe tbody tr th:only-of-type {\n        vertical-align: middle;\n    }\n\n    .dataframe tbody tr th {\n        vertical-align: top;\n    }\n\n    .dataframe thead th {\n        text-align: right;\n    }\n</style>\n<table border=\"1\" class=\"dataframe\">\n  <thead>\n    <tr style=\"text-align: right;\">\n      <th></th>\n      <th>symboling</th>\n      <th>normalized-losses</th>\n      <th>make</th>\n      <th>aspiration</th>\n      <th>num-of-doors</th>\n      <th>body-style</th>\n      <th>drive-wheels</th>\n      <th>engine-location</th>\n      <th>wheel-base</th>\n      <th>length</th>\n      <th>...</th>\n      <th>compression-ratio</th>\n      <th>horsepower</th>\n      <th>peak-rpm</th>\n      <th>city-mpg</th>\n      <th>highway-mpg</th>\n      <th>price</th>\n      <th>city-L/100km</th>\n      <th>horsepower-binned</th>\n      <th>diesel</th>\n      <th>gas</th>\n    </tr>\n  </thead>\n  <tbody>\n    <tr>\n      <th>0</th>\n      <td>3</td>\n      <td>122</td>\n      <td>alfa-romero</td>\n      <td>std</td>\n      <td>two</td>\n      <td>convertible</td>\n      <td>rwd</td>\n      <td>front</td>\n      <td>88.6</td>\n      <td>0.811148</td>\n      <td>...</td>\n      <td>9.0</td>\n      <td>111.0</td>\n      <td>5000.0</td>\n      <td>21</td>\n      <td>27</td>\n      <td>13495.0</td>\n      <td>11.190476</td>\n      <td>Medium</td>\n      <td>0</td>\n      <td>1</td>\n    </tr>\n    <tr>\n      <th>1</th>\n      <td>3</td>\n      <td>122</td>\n      <td>alfa-romero</td>\n      <td>std</td>\n      <td>two</td>\n      <td>convertible</td>\n      <td>rwd</td>\n      <td>front</td>\n      <td>88.6</td>\n      <td>0.811148</td>\n      <td>...</td>\n      <td>9.0</td>\n      <td>111.0</td>\n      <td>5000.0</td>\n      <td>21</td>\n      <td>27</td>\n      <td>16500.0</td>\n      <td>11.190476</td>\n      <td>Medium</td>\n      <td>0</td>\n      <td>1</td>\n    </tr>\n    <tr>\n      <th>2</th>\n      <td>1</td>\n      <td>122</td>\n      <td>alfa-romero</td>\n      <td>std</td>\n      <td>two</td>\n      <td>hatchback</td>\n      <td>rwd</td>\n      <td>front</td>\n      <td>94.5</td>\n      <td>0.822681</td>\n      <td>...</td>\n      <td>9.0</td>\n      <td>154.0</td>\n      <td>5000.0</td>\n      <td>19</td>\n      <td>26</td>\n      <td>16500.0</td>\n      <td>12.368421</td>\n      <td>Medium</td>\n      <td>0</td>\n      <td>1</td>\n    </tr>\n    <tr>\n      <th>3</th>\n      <td>2</td>\n      <td>164</td>\n      <td>audi</td>\n      <td>std</td>\n      <td>four</td>\n      <td>sedan</td>\n      <td>fwd</td>\n      <td>front</td>\n      <td>99.8</td>\n      <td>0.848630</td>\n      <td>...</td>\n      <td>10.0</td>\n      <td>102.0</td>\n      <td>5500.0</td>\n      <td>24</td>\n      <td>30</td>\n      <td>13950.0</td>\n      <td>9.791667</td>\n      <td>Medium</td>\n      <td>0</td>\n      <td>1</td>\n    </tr>\n    <tr>\n      <th>4</th>\n      <td>2</td>\n      <td>164</td>\n      <td>audi</td>\n      <td>std</td>\n      <td>four</td>\n      <td>sedan</td>\n      <td>4wd</td>\n      <td>front</td>\n      <td>99.4</td>\n      <td>0.848630</td>\n      <td>...</td>\n      <td>8.0</td>\n      <td>115.0</td>\n      <td>5500.0</td>\n      <td>18</td>\n      <td>22</td>\n      <td>17450.0</td>\n      <td>13.055556</td>\n      <td>Medium</td>\n      <td>0</td>\n      <td>1</td>\n    </tr>\n  </tbody>\n</table>\n<p>5 rows × 29 columns</p>\n</div>"
          },
          "metadata": {}
        }
      ]
    },
    {
      "cell_type": "markdown",
      "source": "<h2 id=\"pattern_visualization\">2. Analyzing Individual Feature Patterns Using Visualization</h2>\n",
      "metadata": {}
    },
    {
      "cell_type": "markdown",
      "source": "To install Seaborn we use pip, the Python package manager.\n",
      "metadata": {}
    },
    {
      "cell_type": "markdown",
      "source": "Import visualization packages \"Matplotlib\" and \"Seaborn\". Don't forget about \"%matplotlib inline\" to plot in a Jupyter notebook.\n",
      "metadata": {}
    },
    {
      "cell_type": "code",
      "source": "import matplotlib.pyplot as plt\nimport seaborn as sns\n%matplotlib inline ",
      "metadata": {
        "trusted": true
      },
      "execution_count": 51,
      "outputs": []
    },
    {
      "cell_type": "markdown",
      "source": "<h4>How to choose the right visualization method?</h4>\n<p>When visualizing individual variables, it is important to first understand what type of variable you are dealing with. This will help us find the right visualization method for that variable.</p>\n",
      "metadata": {}
    },
    {
      "cell_type": "code",
      "source": "# list the data types for each column\nprint(df.dtypes)",
      "metadata": {
        "trusted": true
      },
      "execution_count": 52,
      "outputs": [
        {
          "name": "stdout",
          "text": "symboling              int64\nnormalized-losses      int64\nmake                  object\naspiration            object\nnum-of-doors          object\nbody-style            object\ndrive-wheels          object\nengine-location       object\nwheel-base           float64\nlength               float64\nwidth                float64\nheight               float64\ncurb-weight            int64\nengine-type           object\nnum-of-cylinders      object\nengine-size            int64\nfuel-system           object\nbore                 float64\nstroke               float64\ncompression-ratio    float64\nhorsepower           float64\npeak-rpm             float64\ncity-mpg               int64\nhighway-mpg            int64\nprice                float64\ncity-L/100km         float64\nhorsepower-binned     object\ndiesel                 int64\ngas                    int64\ndtype: object\n",
          "output_type": "stream"
        }
      ]
    },
    {
      "cell_type": "markdown",
      "source": "<div class=\"alert alert-danger alertdanger\" style=\"margin-top: 20px\">\n<h3>Question  #1:</h3>\n\n<b>What is the data type of the column \"peak-rpm\"? </b>\n\n</div>\n",
      "metadata": {}
    },
    {
      "cell_type": "code",
      "source": "# Write your code below and press Shift+Enter to execute \ndf['peak-rpm'].dtype",
      "metadata": {
        "trusted": true
      },
      "execution_count": 53,
      "outputs": [
        {
          "execution_count": 53,
          "output_type": "execute_result",
          "data": {
            "text/plain": "dtype('float64')"
          },
          "metadata": {}
        }
      ]
    },
    {
      "cell_type": "markdown",
      "source": "<details><summary>Click here for the solution</summary>\n\n```python\nfloat64\n```\n\n</details>\n",
      "metadata": {}
    },
    {
      "cell_type": "markdown",
      "source": "For example, we can calculate the correlation between variables  of type \"int64\" or \"float64\" using the method \"corr\":\n",
      "metadata": {}
    },
    {
      "cell_type": "code",
      "source": "df.corr()",
      "metadata": {
        "trusted": true
      },
      "execution_count": 54,
      "outputs": [
        {
          "execution_count": 54,
          "output_type": "execute_result",
          "data": {
            "text/plain": "                   symboling  normalized-losses  wheel-base    length  \\\nsymboling           1.000000           0.466264   -0.535987 -0.365404   \nnormalized-losses   0.466264           1.000000   -0.056661  0.019424   \nwheel-base         -0.535987          -0.056661    1.000000  0.876024   \nlength             -0.365404           0.019424    0.876024  1.000000   \nwidth              -0.242423           0.086802    0.814507  0.857170   \nheight             -0.550160          -0.373737    0.590742  0.492063   \ncurb-weight        -0.233118           0.099404    0.782097  0.880665   \nengine-size        -0.110581           0.112360    0.572027  0.685025   \nbore               -0.140019          -0.029862    0.493244  0.608971   \nstroke             -0.008245           0.055563    0.158502  0.124139   \ncompression-ratio  -0.182196          -0.114713    0.250313  0.159733   \nhorsepower          0.075819           0.217299    0.371147  0.579821   \npeak-rpm            0.279740           0.239543   -0.360305 -0.285970   \ncity-mpg           -0.035527          -0.225016   -0.470606 -0.665192   \nhighway-mpg         0.036233          -0.181877   -0.543304 -0.698142   \nprice              -0.082391           0.133999    0.584642  0.690628   \ncity-L/100km        0.066171           0.238567    0.476153  0.657373   \ndiesel             -0.196735          -0.101546    0.307237  0.211187   \ngas                 0.196735           0.101546   -0.307237 -0.211187   \n\n                      width    height  curb-weight  engine-size      bore  \\\nsymboling         -0.242423 -0.550160    -0.233118    -0.110581 -0.140019   \nnormalized-losses  0.086802 -0.373737     0.099404     0.112360 -0.029862   \nwheel-base         0.814507  0.590742     0.782097     0.572027  0.493244   \nlength             0.857170  0.492063     0.880665     0.685025  0.608971   \nwidth              1.000000  0.306002     0.866201     0.729436  0.544885   \nheight             0.306002  1.000000     0.307581     0.074694  0.180449   \ncurb-weight        0.866201  0.307581     1.000000     0.849072  0.644060   \nengine-size        0.729436  0.074694     0.849072     1.000000  0.572609   \nbore               0.544885  0.180449     0.644060     0.572609  1.000000   \nstroke             0.188829 -0.062704     0.167562     0.209523 -0.055390   \ncompression-ratio  0.189867  0.259737     0.156433     0.028889  0.001263   \nhorsepower         0.615077 -0.087027     0.757976     0.822676  0.566936   \npeak-rpm          -0.245800 -0.309974    -0.279361    -0.256733 -0.267392   \ncity-mpg          -0.633531 -0.049800    -0.749543    -0.650546 -0.582027   \nhighway-mpg       -0.680635 -0.104812    -0.794889    -0.679571 -0.591309   \nprice              0.751265  0.135486     0.834415     0.872335  0.543155   \ncity-L/100km       0.673363  0.003811     0.785353     0.745059  0.554610   \ndiesel             0.244356  0.281578     0.221046     0.070779  0.054458   \ngas               -0.244356 -0.281578    -0.221046    -0.070779 -0.054458   \n\n                     stroke  compression-ratio  horsepower  peak-rpm  \\\nsymboling         -0.008245          -0.182196    0.075819  0.279740   \nnormalized-losses  0.055563          -0.114713    0.217299  0.239543   \nwheel-base         0.158502           0.250313    0.371147 -0.360305   \nlength             0.124139           0.159733    0.579821 -0.285970   \nwidth              0.188829           0.189867    0.615077 -0.245800   \nheight            -0.062704           0.259737   -0.087027 -0.309974   \ncurb-weight        0.167562           0.156433    0.757976 -0.279361   \nengine-size        0.209523           0.028889    0.822676 -0.256733   \nbore              -0.055390           0.001263    0.566936 -0.267392   \nstroke             1.000000           0.187923    0.098462 -0.065713   \ncompression-ratio  0.187923           1.000000   -0.214514 -0.435780   \nhorsepower         0.098462          -0.214514    1.000000  0.107885   \npeak-rpm          -0.065713          -0.435780    0.107885  1.000000   \ncity-mpg          -0.034696           0.331425   -0.822214 -0.115413   \nhighway-mpg       -0.035201           0.268465   -0.804575 -0.058598   \nprice              0.082310           0.071107    0.809575 -0.101616   \ncity-L/100km       0.037300          -0.299372    0.889488  0.115830   \ndiesel             0.241303           0.985231   -0.169053 -0.475812   \ngas               -0.241303          -0.985231    0.169053  0.475812   \n\n                   city-mpg  highway-mpg     price  city-L/100km    diesel  \\\nsymboling         -0.035527     0.036233 -0.082391      0.066171 -0.196735   \nnormalized-losses -0.225016    -0.181877  0.133999      0.238567 -0.101546   \nwheel-base        -0.470606    -0.543304  0.584642      0.476153  0.307237   \nlength            -0.665192    -0.698142  0.690628      0.657373  0.211187   \nwidth             -0.633531    -0.680635  0.751265      0.673363  0.244356   \nheight            -0.049800    -0.104812  0.135486      0.003811  0.281578   \ncurb-weight       -0.749543    -0.794889  0.834415      0.785353  0.221046   \nengine-size       -0.650546    -0.679571  0.872335      0.745059  0.070779   \nbore              -0.582027    -0.591309  0.543155      0.554610  0.054458   \nstroke            -0.034696    -0.035201  0.082310      0.037300  0.241303   \ncompression-ratio  0.331425     0.268465  0.071107     -0.299372  0.985231   \nhorsepower        -0.822214    -0.804575  0.809575      0.889488 -0.169053   \npeak-rpm          -0.115413    -0.058598 -0.101616      0.115830 -0.475812   \ncity-mpg           1.000000     0.972044 -0.686571     -0.949713  0.265676   \nhighway-mpg        0.972044     1.000000 -0.704692     -0.930028  0.198690   \nprice             -0.686571    -0.704692  1.000000      0.789898  0.110326   \ncity-L/100km      -0.949713    -0.930028  0.789898      1.000000 -0.241282   \ndiesel             0.265676     0.198690  0.110326     -0.241282  1.000000   \ngas               -0.265676    -0.198690 -0.110326      0.241282 -1.000000   \n\n                        gas  \nsymboling          0.196735  \nnormalized-losses  0.101546  \nwheel-base        -0.307237  \nlength            -0.211187  \nwidth             -0.244356  \nheight            -0.281578  \ncurb-weight       -0.221046  \nengine-size       -0.070779  \nbore              -0.054458  \nstroke            -0.241303  \ncompression-ratio -0.985231  \nhorsepower         0.169053  \npeak-rpm           0.475812  \ncity-mpg          -0.265676  \nhighway-mpg       -0.198690  \nprice             -0.110326  \ncity-L/100km       0.241282  \ndiesel            -1.000000  \ngas                1.000000  ",
            "text/html": "<div>\n<style scoped>\n    .dataframe tbody tr th:only-of-type {\n        vertical-align: middle;\n    }\n\n    .dataframe tbody tr th {\n        vertical-align: top;\n    }\n\n    .dataframe thead th {\n        text-align: right;\n    }\n</style>\n<table border=\"1\" class=\"dataframe\">\n  <thead>\n    <tr style=\"text-align: right;\">\n      <th></th>\n      <th>symboling</th>\n      <th>normalized-losses</th>\n      <th>wheel-base</th>\n      <th>length</th>\n      <th>width</th>\n      <th>height</th>\n      <th>curb-weight</th>\n      <th>engine-size</th>\n      <th>bore</th>\n      <th>stroke</th>\n      <th>compression-ratio</th>\n      <th>horsepower</th>\n      <th>peak-rpm</th>\n      <th>city-mpg</th>\n      <th>highway-mpg</th>\n      <th>price</th>\n      <th>city-L/100km</th>\n      <th>diesel</th>\n      <th>gas</th>\n    </tr>\n  </thead>\n  <tbody>\n    <tr>\n      <th>symboling</th>\n      <td>1.000000</td>\n      <td>0.466264</td>\n      <td>-0.535987</td>\n      <td>-0.365404</td>\n      <td>-0.242423</td>\n      <td>-0.550160</td>\n      <td>-0.233118</td>\n      <td>-0.110581</td>\n      <td>-0.140019</td>\n      <td>-0.008245</td>\n      <td>-0.182196</td>\n      <td>0.075819</td>\n      <td>0.279740</td>\n      <td>-0.035527</td>\n      <td>0.036233</td>\n      <td>-0.082391</td>\n      <td>0.066171</td>\n      <td>-0.196735</td>\n      <td>0.196735</td>\n    </tr>\n    <tr>\n      <th>normalized-losses</th>\n      <td>0.466264</td>\n      <td>1.000000</td>\n      <td>-0.056661</td>\n      <td>0.019424</td>\n      <td>0.086802</td>\n      <td>-0.373737</td>\n      <td>0.099404</td>\n      <td>0.112360</td>\n      <td>-0.029862</td>\n      <td>0.055563</td>\n      <td>-0.114713</td>\n      <td>0.217299</td>\n      <td>0.239543</td>\n      <td>-0.225016</td>\n      <td>-0.181877</td>\n      <td>0.133999</td>\n      <td>0.238567</td>\n      <td>-0.101546</td>\n      <td>0.101546</td>\n    </tr>\n    <tr>\n      <th>wheel-base</th>\n      <td>-0.535987</td>\n      <td>-0.056661</td>\n      <td>1.000000</td>\n      <td>0.876024</td>\n      <td>0.814507</td>\n      <td>0.590742</td>\n      <td>0.782097</td>\n      <td>0.572027</td>\n      <td>0.493244</td>\n      <td>0.158502</td>\n      <td>0.250313</td>\n      <td>0.371147</td>\n      <td>-0.360305</td>\n      <td>-0.470606</td>\n      <td>-0.543304</td>\n      <td>0.584642</td>\n      <td>0.476153</td>\n      <td>0.307237</td>\n      <td>-0.307237</td>\n    </tr>\n    <tr>\n      <th>length</th>\n      <td>-0.365404</td>\n      <td>0.019424</td>\n      <td>0.876024</td>\n      <td>1.000000</td>\n      <td>0.857170</td>\n      <td>0.492063</td>\n      <td>0.880665</td>\n      <td>0.685025</td>\n      <td>0.608971</td>\n      <td>0.124139</td>\n      <td>0.159733</td>\n      <td>0.579821</td>\n      <td>-0.285970</td>\n      <td>-0.665192</td>\n      <td>-0.698142</td>\n      <td>0.690628</td>\n      <td>0.657373</td>\n      <td>0.211187</td>\n      <td>-0.211187</td>\n    </tr>\n    <tr>\n      <th>width</th>\n      <td>-0.242423</td>\n      <td>0.086802</td>\n      <td>0.814507</td>\n      <td>0.857170</td>\n      <td>1.000000</td>\n      <td>0.306002</td>\n      <td>0.866201</td>\n      <td>0.729436</td>\n      <td>0.544885</td>\n      <td>0.188829</td>\n      <td>0.189867</td>\n      <td>0.615077</td>\n      <td>-0.245800</td>\n      <td>-0.633531</td>\n      <td>-0.680635</td>\n      <td>0.751265</td>\n      <td>0.673363</td>\n      <td>0.244356</td>\n      <td>-0.244356</td>\n    </tr>\n    <tr>\n      <th>height</th>\n      <td>-0.550160</td>\n      <td>-0.373737</td>\n      <td>0.590742</td>\n      <td>0.492063</td>\n      <td>0.306002</td>\n      <td>1.000000</td>\n      <td>0.307581</td>\n      <td>0.074694</td>\n      <td>0.180449</td>\n      <td>-0.062704</td>\n      <td>0.259737</td>\n      <td>-0.087027</td>\n      <td>-0.309974</td>\n      <td>-0.049800</td>\n      <td>-0.104812</td>\n      <td>0.135486</td>\n      <td>0.003811</td>\n      <td>0.281578</td>\n      <td>-0.281578</td>\n    </tr>\n    <tr>\n      <th>curb-weight</th>\n      <td>-0.233118</td>\n      <td>0.099404</td>\n      <td>0.782097</td>\n      <td>0.880665</td>\n      <td>0.866201</td>\n      <td>0.307581</td>\n      <td>1.000000</td>\n      <td>0.849072</td>\n      <td>0.644060</td>\n      <td>0.167562</td>\n      <td>0.156433</td>\n      <td>0.757976</td>\n      <td>-0.279361</td>\n      <td>-0.749543</td>\n      <td>-0.794889</td>\n      <td>0.834415</td>\n      <td>0.785353</td>\n      <td>0.221046</td>\n      <td>-0.221046</td>\n    </tr>\n    <tr>\n      <th>engine-size</th>\n      <td>-0.110581</td>\n      <td>0.112360</td>\n      <td>0.572027</td>\n      <td>0.685025</td>\n      <td>0.729436</td>\n      <td>0.074694</td>\n      <td>0.849072</td>\n      <td>1.000000</td>\n      <td>0.572609</td>\n      <td>0.209523</td>\n      <td>0.028889</td>\n      <td>0.822676</td>\n      <td>-0.256733</td>\n      <td>-0.650546</td>\n      <td>-0.679571</td>\n      <td>0.872335</td>\n      <td>0.745059</td>\n      <td>0.070779</td>\n      <td>-0.070779</td>\n    </tr>\n    <tr>\n      <th>bore</th>\n      <td>-0.140019</td>\n      <td>-0.029862</td>\n      <td>0.493244</td>\n      <td>0.608971</td>\n      <td>0.544885</td>\n      <td>0.180449</td>\n      <td>0.644060</td>\n      <td>0.572609</td>\n      <td>1.000000</td>\n      <td>-0.055390</td>\n      <td>0.001263</td>\n      <td>0.566936</td>\n      <td>-0.267392</td>\n      <td>-0.582027</td>\n      <td>-0.591309</td>\n      <td>0.543155</td>\n      <td>0.554610</td>\n      <td>0.054458</td>\n      <td>-0.054458</td>\n    </tr>\n    <tr>\n      <th>stroke</th>\n      <td>-0.008245</td>\n      <td>0.055563</td>\n      <td>0.158502</td>\n      <td>0.124139</td>\n      <td>0.188829</td>\n      <td>-0.062704</td>\n      <td>0.167562</td>\n      <td>0.209523</td>\n      <td>-0.055390</td>\n      <td>1.000000</td>\n      <td>0.187923</td>\n      <td>0.098462</td>\n      <td>-0.065713</td>\n      <td>-0.034696</td>\n      <td>-0.035201</td>\n      <td>0.082310</td>\n      <td>0.037300</td>\n      <td>0.241303</td>\n      <td>-0.241303</td>\n    </tr>\n    <tr>\n      <th>compression-ratio</th>\n      <td>-0.182196</td>\n      <td>-0.114713</td>\n      <td>0.250313</td>\n      <td>0.159733</td>\n      <td>0.189867</td>\n      <td>0.259737</td>\n      <td>0.156433</td>\n      <td>0.028889</td>\n      <td>0.001263</td>\n      <td>0.187923</td>\n      <td>1.000000</td>\n      <td>-0.214514</td>\n      <td>-0.435780</td>\n      <td>0.331425</td>\n      <td>0.268465</td>\n      <td>0.071107</td>\n      <td>-0.299372</td>\n      <td>0.985231</td>\n      <td>-0.985231</td>\n    </tr>\n    <tr>\n      <th>horsepower</th>\n      <td>0.075819</td>\n      <td>0.217299</td>\n      <td>0.371147</td>\n      <td>0.579821</td>\n      <td>0.615077</td>\n      <td>-0.087027</td>\n      <td>0.757976</td>\n      <td>0.822676</td>\n      <td>0.566936</td>\n      <td>0.098462</td>\n      <td>-0.214514</td>\n      <td>1.000000</td>\n      <td>0.107885</td>\n      <td>-0.822214</td>\n      <td>-0.804575</td>\n      <td>0.809575</td>\n      <td>0.889488</td>\n      <td>-0.169053</td>\n      <td>0.169053</td>\n    </tr>\n    <tr>\n      <th>peak-rpm</th>\n      <td>0.279740</td>\n      <td>0.239543</td>\n      <td>-0.360305</td>\n      <td>-0.285970</td>\n      <td>-0.245800</td>\n      <td>-0.309974</td>\n      <td>-0.279361</td>\n      <td>-0.256733</td>\n      <td>-0.267392</td>\n      <td>-0.065713</td>\n      <td>-0.435780</td>\n      <td>0.107885</td>\n      <td>1.000000</td>\n      <td>-0.115413</td>\n      <td>-0.058598</td>\n      <td>-0.101616</td>\n      <td>0.115830</td>\n      <td>-0.475812</td>\n      <td>0.475812</td>\n    </tr>\n    <tr>\n      <th>city-mpg</th>\n      <td>-0.035527</td>\n      <td>-0.225016</td>\n      <td>-0.470606</td>\n      <td>-0.665192</td>\n      <td>-0.633531</td>\n      <td>-0.049800</td>\n      <td>-0.749543</td>\n      <td>-0.650546</td>\n      <td>-0.582027</td>\n      <td>-0.034696</td>\n      <td>0.331425</td>\n      <td>-0.822214</td>\n      <td>-0.115413</td>\n      <td>1.000000</td>\n      <td>0.972044</td>\n      <td>-0.686571</td>\n      <td>-0.949713</td>\n      <td>0.265676</td>\n      <td>-0.265676</td>\n    </tr>\n    <tr>\n      <th>highway-mpg</th>\n      <td>0.036233</td>\n      <td>-0.181877</td>\n      <td>-0.543304</td>\n      <td>-0.698142</td>\n      <td>-0.680635</td>\n      <td>-0.104812</td>\n      <td>-0.794889</td>\n      <td>-0.679571</td>\n      <td>-0.591309</td>\n      <td>-0.035201</td>\n      <td>0.268465</td>\n      <td>-0.804575</td>\n      <td>-0.058598</td>\n      <td>0.972044</td>\n      <td>1.000000</td>\n      <td>-0.704692</td>\n      <td>-0.930028</td>\n      <td>0.198690</td>\n      <td>-0.198690</td>\n    </tr>\n    <tr>\n      <th>price</th>\n      <td>-0.082391</td>\n      <td>0.133999</td>\n      <td>0.584642</td>\n      <td>0.690628</td>\n      <td>0.751265</td>\n      <td>0.135486</td>\n      <td>0.834415</td>\n      <td>0.872335</td>\n      <td>0.543155</td>\n      <td>0.082310</td>\n      <td>0.071107</td>\n      <td>0.809575</td>\n      <td>-0.101616</td>\n      <td>-0.686571</td>\n      <td>-0.704692</td>\n      <td>1.000000</td>\n      <td>0.789898</td>\n      <td>0.110326</td>\n      <td>-0.110326</td>\n    </tr>\n    <tr>\n      <th>city-L/100km</th>\n      <td>0.066171</td>\n      <td>0.238567</td>\n      <td>0.476153</td>\n      <td>0.657373</td>\n      <td>0.673363</td>\n      <td>0.003811</td>\n      <td>0.785353</td>\n      <td>0.745059</td>\n      <td>0.554610</td>\n      <td>0.037300</td>\n      <td>-0.299372</td>\n      <td>0.889488</td>\n      <td>0.115830</td>\n      <td>-0.949713</td>\n      <td>-0.930028</td>\n      <td>0.789898</td>\n      <td>1.000000</td>\n      <td>-0.241282</td>\n      <td>0.241282</td>\n    </tr>\n    <tr>\n      <th>diesel</th>\n      <td>-0.196735</td>\n      <td>-0.101546</td>\n      <td>0.307237</td>\n      <td>0.211187</td>\n      <td>0.244356</td>\n      <td>0.281578</td>\n      <td>0.221046</td>\n      <td>0.070779</td>\n      <td>0.054458</td>\n      <td>0.241303</td>\n      <td>0.985231</td>\n      <td>-0.169053</td>\n      <td>-0.475812</td>\n      <td>0.265676</td>\n      <td>0.198690</td>\n      <td>0.110326</td>\n      <td>-0.241282</td>\n      <td>1.000000</td>\n      <td>-1.000000</td>\n    </tr>\n    <tr>\n      <th>gas</th>\n      <td>0.196735</td>\n      <td>0.101546</td>\n      <td>-0.307237</td>\n      <td>-0.211187</td>\n      <td>-0.244356</td>\n      <td>-0.281578</td>\n      <td>-0.221046</td>\n      <td>-0.070779</td>\n      <td>-0.054458</td>\n      <td>-0.241303</td>\n      <td>-0.985231</td>\n      <td>0.169053</td>\n      <td>0.475812</td>\n      <td>-0.265676</td>\n      <td>-0.198690</td>\n      <td>-0.110326</td>\n      <td>0.241282</td>\n      <td>-1.000000</td>\n      <td>1.000000</td>\n    </tr>\n  </tbody>\n</table>\n</div>"
          },
          "metadata": {}
        }
      ]
    },
    {
      "cell_type": "markdown",
      "source": "The diagonal elements are always one; we will study correlation more precisely Pearson correlation in-depth at the end of the notebook.\n",
      "metadata": {}
    },
    {
      "cell_type": "markdown",
      "source": "<div class=\"alert alert-danger alertdanger\" style=\"margin-top: 20px\">\n<h3> Question  #2: </h3>\n\n<p>Find the correlation between the following columns: bore, stroke, compression-ratio, and horsepower.</p>\n<p>Hint: if you would like to select those columns, use the following syntax: df[['bore','stroke','compression-ratio','horsepower']]</p>\n</div>\n",
      "metadata": {}
    },
    {
      "cell_type": "code",
      "source": "# Write your code below and press Shift+Enter to execute \ndf[['bore','stroke','compression-ratio','horsepower']].corr()",
      "metadata": {
        "trusted": true
      },
      "execution_count": 55,
      "outputs": [
        {
          "execution_count": 55,
          "output_type": "execute_result",
          "data": {
            "text/plain": "                       bore    stroke  compression-ratio  horsepower\nbore               1.000000 -0.055390           0.001263    0.566936\nstroke            -0.055390  1.000000           0.187923    0.098462\ncompression-ratio  0.001263  0.187923           1.000000   -0.214514\nhorsepower         0.566936  0.098462          -0.214514    1.000000",
            "text/html": "<div>\n<style scoped>\n    .dataframe tbody tr th:only-of-type {\n        vertical-align: middle;\n    }\n\n    .dataframe tbody tr th {\n        vertical-align: top;\n    }\n\n    .dataframe thead th {\n        text-align: right;\n    }\n</style>\n<table border=\"1\" class=\"dataframe\">\n  <thead>\n    <tr style=\"text-align: right;\">\n      <th></th>\n      <th>bore</th>\n      <th>stroke</th>\n      <th>compression-ratio</th>\n      <th>horsepower</th>\n    </tr>\n  </thead>\n  <tbody>\n    <tr>\n      <th>bore</th>\n      <td>1.000000</td>\n      <td>-0.055390</td>\n      <td>0.001263</td>\n      <td>0.566936</td>\n    </tr>\n    <tr>\n      <th>stroke</th>\n      <td>-0.055390</td>\n      <td>1.000000</td>\n      <td>0.187923</td>\n      <td>0.098462</td>\n    </tr>\n    <tr>\n      <th>compression-ratio</th>\n      <td>0.001263</td>\n      <td>0.187923</td>\n      <td>1.000000</td>\n      <td>-0.214514</td>\n    </tr>\n    <tr>\n      <th>horsepower</th>\n      <td>0.566936</td>\n      <td>0.098462</td>\n      <td>-0.214514</td>\n      <td>1.000000</td>\n    </tr>\n  </tbody>\n</table>\n</div>"
          },
          "metadata": {}
        }
      ]
    },
    {
      "cell_type": "markdown",
      "source": "<details><summary>Click here for the solution</summary>\n\n```python\ndf[['bore', 'stroke', 'compression-ratio', 'horsepower']].corr()\n```\n\n</details>\n",
      "metadata": {}
    },
    {
      "cell_type": "markdown",
      "source": "<h2>Continuous Numerical Variables:</h2> \n\n<p>Continuous numerical variables are variables that may contain any value within some range. They can be of type \"int64\" or \"float64\". A great way to visualize these variables is by using scatterplots with fitted lines.</p>\n\n<p>In order to start understanding the (linear) relationship between an individual variable and the price, we can use \"regplot\" which plots the scatterplot plus the fitted regression line for the data.</p>\n",
      "metadata": {}
    },
    {
      "cell_type": "markdown",
      "source": "Let's see several examples of different linear relationships:\n",
      "metadata": {}
    },
    {
      "cell_type": "markdown",
      "source": "<h3>Positive Linear Relationship</h4>\n",
      "metadata": {}
    },
    {
      "cell_type": "markdown",
      "source": "Let's find the scatterplot of \"engine-size\" and \"price\".\n",
      "metadata": {}
    },
    {
      "cell_type": "code",
      "source": "# Engine size as potential predictor variable of price\nsns.regplot(x=\"engine-size\", y=\"price\", data=df)\nplt.ylim(10000,)",
      "metadata": {
        "scrolled": true,
        "trusted": true
      },
      "execution_count": 56,
      "outputs": [
        {
          "execution_count": 56,
          "output_type": "execute_result",
          "data": {
            "text/plain": "(10000.0, 53028.24502086672)"
          },
          "metadata": {}
        },
        {
          "output_type": "display_data",
          "data": {
            "text/plain": "<Figure size 432x288 with 1 Axes>",
